CAT,9759,2741,0,CAT,det är 78.07% en kat och 21.93% en hund
CAT,946,11554,0,DOG,det är 7.57% en kat och 92.43% en hund
CAT,6641,5859,0,CAT,det är 53.13% en kat och 46.87% en hund
CAT,9672,2828,0,CAT,det är 77.38% en kat och 22.62% en hund
CAT,12444,56,0,CAT,det är 99.55% en kat och 0.45% en hund
CAT,4376,8124,0,DOG,det är 35.01% en kat och 64.99% en hund
CAT,2092,10408,0,DOG,det är 16.74% en kat och 83.26% en hund
CAT,1136,11364,0,DOG,det är 9.09% en kat och 90.91% en hund
CAT,6238,6262,0,DOG,det är 49.90% en kat och 50.10% en hund
CAT,5596,6904,0,DOG,det är 44.77% en kat och 55.23% en hund
CAT,10961,1539,0,CAT,det är 87.69% en kat och 12.31% en hund
CAT,10496,2004,0,CAT,det är 83.97% en kat och 16.03% en hund
CAT,887,11613,0,DOG,det är 7.10% en kat och 92.90% en hund
CAT,7202,5298,0,CAT,det är 57.62% en kat och 42.38% en hund
CAT,2774,9726,0,DOG,det är 22.19% en kat och 77.81% en hund
CAT,11446,1054,0,CAT,det är 91.57% en kat och 8.43% en hund
CAT,5111,7389,0,DOG,det är 40.89% en kat och 59.11% en hund
CAT,11538,962,0,CAT,det är 92.30% en kat och 7.70% en hund
CAT,5149,7351,0,DOG,det är 41.19% en kat och 58.81% en hund
CAT,1039,11461,0,DOG,det är 8.31% en kat och 91.69% en hund
CAT,10726,1774,0,CAT,det är 85.81% en kat och 14.19% en hund
CAT,8397,4103,0,CAT,det är 67.18% en kat och 32.82% en hund
CAT,8833,3667,0,CAT,det är 70.66% en kat och 29.34% en hund
CAT,10394,2106,0,CAT,det är 83.15% en kat och 16.85% en hund
CAT,10194,2306,0,CAT,det är 81.55% en kat och 18.45% en hund
CAT,3435,9065,0,DOG,det är 27.48% en kat och 72.52% en hund
CAT,300,12200,0,DOG,det är 2.40% en kat och 97.60% en hund
CAT,5895,6605,0,DOG,det är 47.16% en kat och 52.84% en hund
CAT,12494,6,0,CAT,det är 99.95% en kat och 0.05% en hund
CAT,4066,8434,0,DOG,det är 32.53% en kat och 67.47% en hund
CAT,5783,6717,0,DOG,det är 46.26% en kat och 53.74% en hund
CAT,5541,6959,0,DOG,det är 44.33% en kat och 55.67% en hund
CAT,11123,1377,0,CAT,det är 88.98% en kat och 11.02% en hund
CAT,12,12488,0,DOG,det är 0.10% en kat och 99.90% en hund
CAT,5520,6980,0,DOG,det är 44.16% en kat och 55.84% en hund
CAT,2730,9770,0,DOG,det är 21.84% en kat och 78.16% en hund
CAT,2523,9977,0,DOG,det är 20.18% en kat och 79.82% en hund
CAT,7430,5070,0,CAT,det är 59.44% en kat och 40.56% en hund
CAT,4334,8166,0,DOG,det är 34.67% en kat och 65.33% en hund
CAT,9150,3350,0,CAT,det är 73.20% en kat och 26.80% en hund
CAT,5100,7400,0,DOG,det är 40.80% en kat och 59.20% en hund
CAT,10415,2085,0,CAT,det är 83.32% en kat och 16.68% en hund
CAT,7492,5008,0,CAT,det är 59.94% en kat och 40.06% en hund
CAT,9244,3256,0,CAT,det är 73.95% en kat och 26.05% en hund
CAT,1210,11290,0,DOG,det är 9.68% en kat och 90.32% en hund
CAT,4587,7913,0,DOG,det är 36.70% en kat och 63.30% en hund
CAT,4552,7948,0,DOG,det är 36.42% en kat och 63.58% en hund
CAT,3557,8943,0,DOG,det är 28.46% en kat och 71.54% en hund
CAT,10007,2493,0,CAT,det är 80.06% en kat och 19.94% en hund
CAT,7872,4628,0,CAT,det är 62.98% en kat och 37.02% en hund
CAT,11118,1382,0,CAT,det är 88.94% en kat och 11.06% en hund
CAT,8184,4316,0,CAT,det är 65.47% en kat och 34.53% en hund
CAT,6781,5719,0,CAT,det är 54.25% en kat och 45.75% en hund
CAT,6468,6032,0,CAT,det är 51.74% en kat och 48.26% en hund
CAT,7233,5267,0,CAT,det är 57.86% en kat och 42.14% en hund
CAT,1382,11118,0,DOG,det är 11.06% en kat och 88.94% en hund
CAT,1422,11078,0,DOG,det är 11.38% en kat och 88.62% en hund
CAT,1153,11347,0,DOG,det är 9.22% en kat och 90.78% en hund
CAT,5736,6764,0,DOG,det är 45.89% en kat och 54.11% en hund
CAT,10055,2445,0,CAT,det är 80.44% en kat och 19.56% en hund
CAT,8295,4205,0,CAT,det är 66.36% en kat och 33.64% en hund
CAT,10223,2277,0,CAT,det är 81.78% en kat och 18.22% en hund
CAT,10368,2132,0,CAT,det är 82.94% en kat och 17.06% en hund
CAT,5739,6761,0,DOG,det är 45.91% en kat och 54.09% en hund
CAT,5238,7262,0,DOG,det är 41.90% en kat och 58.10% en hund
CAT,6043,6457,0,DOG,det är 48.34% en kat och 51.66% en hund
CAT,2131,10369,0,DOG,det är 17.05% en kat och 82.95% en hund
CAT,10242,2258,0,CAT,det är 81.94% en kat och 18.06% en hund
CAT,4545,7955,0,DOG,det är 36.36% en kat och 63.64% en hund
CAT,5600,6900,0,DOG,det är 44.80% en kat och 55.20% en hund
CAT,2430,10070,0,DOG,det är 19.44% en kat och 80.56% en hund
CAT,84,12416,0,DOG,det är 0.67% en kat och 99.33% en hund
CAT,1996,10504,0,DOG,det är 15.97% en kat och 84.03% en hund
CAT,6261,6239,0,CAT,det är 50.09% en kat och 49.91% en hund
CAT,7561,4939,0,CAT,det är 60.49% en kat och 39.51% en hund
CAT,5905,6595,0,DOG,det är 47.24% en kat och 52.76% en hund
CAT,9095,3405,0,CAT,det är 72.76% en kat och 27.24% en hund
CAT,11179,1321,0,CAT,det är 89.43% en kat och 10.57% en hund
CAT,11395,1105,0,CAT,det är 91.16% en kat och 8.84% en hund
CAT,10687,1813,0,CAT,det är 85.50% en kat och 14.50% en hund
CAT,5142,7358,0,DOG,det är 41.14% en kat och 58.86% en hund
CAT,10287,2213,0,CAT,det är 82.30% en kat och 17.70% en hund
CAT,4328,8172,0,DOG,det är 34.62% en kat och 65.38% en hund
CAT,6264,6236,0,CAT,det är 50.11% en kat och 49.89% en hund
CAT,11914,586,0,CAT,det är 95.31% en kat och 4.69% en hund
CAT,12439,61,0,CAT,det är 99.51% en kat och 0.49% en hund
CAT,9354,3146,0,CAT,det är 74.83% en kat och 25.17% en hund
CAT,4787,7713,0,DOG,det är 38.30% en kat och 61.70% en hund
CAT,9187,3313,0,CAT,det är 73.50% en kat och 26.50% en hund
CAT,2966,9534,0,DOG,det är 23.73% en kat och 76.27% en hund
CAT,1099,11401,0,DOG,det är 8.79% en kat och 91.21% en hund
CAT,4437,8063,0,DOG,det är 35.50% en kat och 64.50% en hund
CAT,2663,9837,0,DOG,det är 21.30% en kat och 78.70% en hund
CAT,10822,1678,0,CAT,det är 86.58% en kat och 13.42% en hund
CAT,7056,5444,0,CAT,det är 56.45% en kat och 43.55% en hund
CAT,9753,2747,0,CAT,det är 78.02% en kat och 21.98% en hund
CAT,559,11941,0,DOG,det är 4.47% en kat och 95.53% en hund
CAT,8122,4378,0,CAT,det är 64.98% en kat och 35.02% en hund
CAT,11136,1364,0,CAT,det är 89.09% en kat och 10.91% en hund
CAT,6309,6191,0,CAT,det är 50.47% en kat och 49.53% en hund
CAT,9791,2709,0,CAT,det är 78.33% en kat och 21.67% en hund
CAT,6951,5549,0,CAT,det är 55.61% en kat och 44.39% en hund
CAT,2469,10031,0,DOG,det är 19.75% en kat och 80.25% en hund
CAT,391,12109,0,DOG,det är 3.13% en kat och 96.87% en hund
CAT,3914,8586,0,DOG,det är 31.31% en kat och 68.69% en hund
CAT,6066,6434,0,DOG,det är 48.53% en kat och 51.47% en hund
CAT,1206,11294,0,DOG,det är 9.65% en kat och 90.35% en hund
CAT,11666,834,0,CAT,det är 93.33% en kat och 6.67% en hund
CAT,2147,10353,0,DOG,det är 17.18% en kat och 82.82% en hund
CAT,2762,9738,0,DOG,det är 22.10% en kat och 77.90% en hund
CAT,7285,5215,0,CAT,det är 58.28% en kat och 41.72% en hund
CAT,11850,650,0,CAT,det är 94.80% en kat och 5.20% en hund
CAT,3397,9103,0,DOG,det är 27.18% en kat och 72.82% en hund
CAT,2641,9859,0,DOG,det är 21.13% en kat och 78.87% en hund
CAT,231,12269,0,DOG,det är 1.85% en kat och 98.15% en hund
CAT,4172,8328,0,DOG,det är 33.38% en kat och 66.62% en hund
CAT,4956,7544,0,DOG,det är 39.65% en kat och 60.35% en hund
CAT,5841,6659,0,DOG,det är 46.73% en kat och 53.27% en hund
CAT,12204,296,0,CAT,det är 97.63% en kat och 2.37% en hund
CAT,12252,248,0,CAT,det är 98.02% en kat och 1.98% en hund
CAT,9281,3219,0,CAT,det är 74.25% en kat och 25.75% en hund
CAT,6454,6046,0,CAT,det är 51.63% en kat och 48.37% en hund
CAT,158,12342,0,DOG,det är 1.26% en kat och 98.74% en hund
CAT,5562,6938,0,DOG,det är 44.50% en kat och 55.50% en hund
CAT,11018,1482,0,CAT,det är 88.14% en kat och 11.86% en hund
CAT,8289,4211,0,CAT,det är 66.31% en kat och 33.69% en hund
CAT,4817,7683,0,DOG,det är 38.54% en kat och 61.46% en hund
CAT,2397,10103,0,DOG,det är 19.18% en kat och 80.82% en hund
CAT,9715,2785,0,CAT,det är 77.72% en kat och 22.28% en hund
CAT,12389,111,0,CAT,det är 99.11% en kat och 0.89% en hund
CAT,805,11695,0,DOG,det är 6.44% en kat och 93.56% en hund
CAT,12335,165,0,CAT,det är 98.68% en kat och 1.32% en hund
CAT,7417,5083,0,CAT,det är 59.34% en kat och 40.66% en hund
CAT,12242,258,0,CAT,det är 97.94% en kat och 2.06% en hund
CAT,3044,9456,0,DOG,det är 24.35% en kat och 75.65% en hund
CAT,1482,11018,0,DOG,det är 11.86% en kat och 88.14% en hund
CAT,4330,8170,0,DOG,det är 34.64% en kat och 65.36% en hund
CAT,9359,3141,0,CAT,det är 74.87% en kat och 25.13% en hund
CAT,7521,4979,0,CAT,det är 60.17% en kat och 39.83% en hund
CAT,426,12074,0,DOG,det är 3.41% en kat och 96.59% en hund
CAT,6555,5945,0,CAT,det är 52.44% en kat och 47.56% en hund
CAT,1822,10678,0,DOG,det är 14.58% en kat och 85.42% en hund
CAT,3220,9280,0,DOG,det är 25.76% en kat och 74.24% en hund
CAT,4364,8136,0,DOG,det är 34.91% en kat och 65.09% en hund
CAT,11273,1227,0,CAT,det är 90.18% en kat och 9.82% en hund
CAT,2520,9980,0,DOG,det är 20.16% en kat och 79.84% en hund
CAT,363,12137,0,DOG,det är 2.90% en kat och 97.10% en hund
CAT,2544,9956,0,DOG,det är 20.35% en kat och 79.65% en hund
CAT,3619,8881,0,DOG,det är 28.95% en kat och 71.05% en hund
CAT,8852,3648,0,CAT,det är 70.82% en kat och 29.18% en hund
CAT,12267,233,0,CAT,det är 98.14% en kat och 1.86% en hund
CAT,3487,9013,0,DOG,det är 27.90% en kat och 72.10% en hund
CAT,7074,5426,0,CAT,det är 56.59% en kat och 43.41% en hund
CAT,11733,767,0,CAT,det är 93.86% en kat och 6.14% en hund
CAT,2216,10284,0,DOG,det är 17.73% en kat och 82.27% en hund
CAT,3175,9325,0,DOG,det är 25.40% en kat och 74.60% en hund
CAT,11348,1152,0,CAT,det är 90.78% en kat och 9.22% en hund
CAT,7139,5361,0,CAT,det är 57.11% en kat och 42.89% en hund
CAT,271,12229,0,DOG,det är 2.17% en kat och 97.83% en hund
CAT,915,11585,0,DOG,det är 7.32% en kat och 92.68% en hund
CAT,11035,1465,0,CAT,det är 88.28% en kat och 11.72% en hund
CAT,3053,9447,0,DOG,det är 24.42% en kat och 75.58% en hund
CAT,3164,9336,0,DOG,det är 25.31% en kat och 74.69% en hund
CAT,4227,8273,0,DOG,det är 33.82% en kat och 66.18% en hund
CAT,11019,1481,0,CAT,det är 88.15% en kat och 11.85% en hund
CAT,7228,5272,0,CAT,det är 57.82% en kat och 42.18% en hund
CAT,3040,9460,0,DOG,det är 24.32% en kat och 75.68% en hund
CAT,5350,7150,0,DOG,det är 42.80% en kat och 57.20% en hund
CAT,2793,9707,0,DOG,det är 22.34% en kat och 77.66% en hund
CAT,9505,2995,0,CAT,det är 76.04% en kat och 23.96% en hund
CAT,264,12236,0,DOG,det är 2.11% en kat och 97.89% en hund
CAT,6601,5899,0,CAT,det är 52.81% en kat och 47.19% en hund
CAT,6438,6062,0,CAT,det är 51.50% en kat och 48.50% en hund
CAT,11796,704,0,CAT,det är 94.37% en kat och 5.63% en hund
CAT,3120,9380,0,DOG,det är 24.96% en kat och 75.04% en hund
CAT,9609,2891,0,CAT,det är 76.87% en kat och 23.13% en hund
CAT,5845,6655,0,DOG,det är 46.76% en kat och 53.24% en hund
CAT,9910,2590,0,CAT,det är 79.28% en kat och 20.72% en hund
CAT,8534,3966,0,CAT,det är 68.27% en kat och 31.73% en hund
CAT,1028,11472,0,DOG,det är 8.22% en kat och 91.78% en hund
CAT,2575,9925,0,DOG,det är 20.60% en kat och 79.40% en hund
CAT,5534,6966,0,DOG,det är 44.27% en kat och 55.73% en hund
CAT,8123,4377,0,CAT,det är 64.98% en kat och 35.02% en hund
CAT,9475,3025,0,CAT,det är 75.80% en kat och 24.20% en hund
CAT,8992,3508,0,CAT,det är 71.94% en kat och 28.06% en hund
CAT,1413,11087,0,DOG,det är 11.30% en kat och 88.70% en hund
CAT,6218,6282,0,DOG,det är 49.74% en kat och 50.26% en hund
CAT,1050,11450,0,DOG,det är 8.40% en kat och 91.60% en hund
CAT,10245,2255,0,CAT,det är 81.96% en kat och 18.04% en hund
CAT,551,11949,0,DOG,det är 4.41% en kat och 95.59% en hund
CAT,2907,9593,0,DOG,det är 23.26% en kat och 76.74% en hund
CAT,10029,2471,0,CAT,det är 80.23% en kat och 19.77% en hund
CAT,4781,7719,0,DOG,det är 38.25% en kat och 61.75% en hund
CAT,7108,5392,0,CAT,det är 56.86% en kat och 43.14% en hund
CAT,5321,7179,0,DOG,det är 42.57% en kat och 57.43% en hund
CAT,5769,6731,0,DOG,det är 46.15% en kat och 53.85% en hund
CAT,256,12244,0,DOG,det är 2.05% en kat och 97.95% en hund
CAT,10852,1648,0,CAT,det är 86.82% en kat och 13.18% en hund
CAT,4967,7533,0,DOG,det är 39.74% en kat och 60.26% en hund
CAT,5834,6666,0,DOG,det är 46.67% en kat och 53.33% en hund
CAT,3745,8755,0,DOG,det är 29.96% en kat och 70.04% en hund
CAT,8264,4236,0,CAT,det är 66.11% en kat och 33.89% en hund
CAT,7320,5180,0,CAT,det är 58.56% en kat och 41.44% en hund
CAT,9009,3491,0,CAT,det är 72.07% en kat och 27.93% en hund
CAT,2076,10424,0,DOG,det är 16.61% en kat och 83.39% en hund
CAT,12053,447,0,CAT,det är 96.42% en kat och 3.58% en hund
CAT,12082,418,0,CAT,det är 96.66% en kat och 3.34% en hund
CAT,5642,6858,0,DOG,det är 45.14% en kat och 54.86% en hund
CAT,3303,9197,0,DOG,det är 26.42% en kat och 73.58% en hund
CAT,9888,2612,0,CAT,det är 79.10% en kat och 20.90% en hund
CAT,8465,4035,0,CAT,det är 67.72% en kat och 32.28% en hund
CAT,4394,8106,0,DOG,det är 35.15% en kat och 64.85% en hund
CAT,8722,3778,0,CAT,det är 69.78% en kat och 30.22% en hund
CAT,6677,5823,0,CAT,det är 53.42% en kat och 46.58% en hund
CAT,7686,4814,0,CAT,det är 61.49% en kat och 38.51% en hund
CAT,11565,935,0,CAT,det är 92.52% en kat och 7.48% en hund
CAT,10850,1650,0,CAT,det är 86.80% en kat och 13.20% en hund
CAT,325,12175,0,DOG,det är 2.60% en kat och 97.40% en hund
CAT,3240,9260,0,DOG,det är 25.92% en kat och 74.08% en hund
CAT,2845,9655,0,DOG,det är 22.76% en kat och 77.24% en hund
CAT,7900,4600,0,CAT,det är 63.20% en kat och 36.80% en hund
CAT,1902,10598,0,DOG,det är 15.22% en kat och 84.78% en hund
CAT,140,12360,0,DOG,det är 1.12% en kat och 98.88% en hund
CAT,5539,6961,0,DOG,det är 44.31% en kat och 55.69% en hund
CAT,11440,1060,0,CAT,det är 91.52% en kat och 8.48% en hund
CAT,1454,11046,0,DOG,det är 11.63% en kat och 88.37% en hund
CAT,3101,9399,0,DOG,det är 24.81% en kat och 75.19% en hund
CAT,10088,2412,0,CAT,det är 80.70% en kat och 19.30% en hund
CAT,2233,10267,0,DOG,det är 17.86% en kat och 82.14% en hund
CAT,2978,9522,0,DOG,det är 23.82% en kat och 76.18% en hund
CAT,7374,5126,0,CAT,det är 58.99% en kat och 41.01% en hund
CAT,1826,10674,0,DOG,det är 14.61% en kat och 85.39% en hund
CAT,9041,3459,0,CAT,det är 72.33% en kat och 27.67% en hund
CAT,479,12021,0,DOG,det är 3.83% en kat och 96.17% en hund
CAT,10150,2350,0,CAT,det är 81.20% en kat och 18.80% en hund
CAT,1803,10697,0,DOG,det är 14.42% en kat och 85.58% en hund
CAT,2981,9519,0,DOG,det är 23.85% en kat och 76.15% en hund
CAT,5973,6527,0,DOG,det är 47.78% en kat och 52.22% en hund
CAT,5587,6913,0,DOG,det är 44.70% en kat och 55.30% en hund
CAT,5023,7477,0,DOG,det är 40.18% en kat och 59.82% en hund
CAT,9353,3147,0,CAT,det är 74.82% en kat och 25.18% en hund
CAT,11233,1267,0,CAT,det är 89.86% en kat och 10.14% en hund
CAT,10501,1999,0,CAT,det är 84.01% en kat och 15.99% en hund
CAT,5829,6671,0,DOG,det är 46.63% en kat och 53.37% en hund
CAT,4250,8250,0,DOG,det är 34.00% en kat och 66.00% en hund
CAT,10665,1835,0,CAT,det är 85.32% en kat och 14.68% en hund
CAT,3233,9267,0,DOG,det är 25.86% en kat och 74.14% en hund
CAT,5963,6537,0,DOG,det är 47.70% en kat och 52.30% en hund
CAT,2643,9857,0,DOG,det är 21.14% en kat och 78.86% en hund
CAT,247,12253,0,DOG,det är 1.98% en kat och 98.02% en hund
CAT,9611,2889,0,CAT,det är 76.89% en kat och 23.11% en hund
CAT,4196,8304,0,DOG,det är 33.57% en kat och 66.43% en hund
CAT,4887,7613,0,DOG,det är 39.10% en kat och 60.90% en hund
CAT,12448,52,0,CAT,det är 99.58% en kat och 0.42% en hund
CAT,3643,8857,0,DOG,det är 29.14% en kat och 70.86% en hund
CAT,7847,4653,0,CAT,det är 62.78% en kat och 37.22% en hund
CAT,10858,1642,0,CAT,det är 86.86% en kat och 13.14% en hund
CAT,9480,3020,0,CAT,det är 75.84% en kat och 24.16% en hund
CAT,9834,2666,0,CAT,det är 78.67% en kat och 21.33% en hund
CAT,2620,9880,0,DOG,det är 20.96% en kat och 79.04% en hund
CAT,10530,1970,0,CAT,det är 84.24% en kat och 15.76% en hund
CAT,10160,2340,0,CAT,det är 81.28% en kat och 18.72% en hund
CAT,9532,2968,0,CAT,det är 76.26% en kat och 23.74% en hund
CAT,4866,7634,0,DOG,det är 38.93% en kat och 61.07% en hund
CAT,2207,10293,0,DOG,det är 17.66% en kat och 82.34% en hund
CAT,970,11530,0,DOG,det är 7.76% en kat och 92.24% en hund
CAT,583,11917,0,DOG,det är 4.66% en kat och 95.34% en hund
CAT,6887,5613,0,CAT,det är 55.10% en kat och 44.90% en hund
CAT,6598,5902,0,CAT,det är 52.78% en kat och 47.22% en hund
CAT,7932,4568,0,CAT,det är 63.46% en kat och 36.54% en hund
CAT,3325,9175,0,DOG,det är 26.60% en kat och 73.40% en hund
CAT,253,12247,0,DOG,det är 2.02% en kat och 97.98% en hund
CAT,10919,1581,0,CAT,det är 87.35% en kat och 12.65% en hund
CAT,5601,6899,0,DOG,det är 44.81% en kat och 55.19% en hund
CAT,2284,10216,0,DOG,det är 18.27% en kat och 81.73% en hund
CAT,2116,10384,0,DOG,det är 16.93% en kat och 83.07% en hund
CAT,11292,1208,0,CAT,det är 90.34% en kat och 9.66% en hund
CAT,7353,5147,0,CAT,det är 58.82% en kat och 41.18% en hund
CAT,3216,9284,0,DOG,det är 25.73% en kat och 74.27% en hund
CAT,3133,9367,0,DOG,det är 25.06% en kat och 74.94% en hund
CAT,463,12037,0,DOG,det är 3.70% en kat och 96.30% en hund
CAT,659,11841,0,DOG,det är 5.27% en kat och 94.73% en hund
CAT,917,11583,0,DOG,det är 7.34% en kat och 92.66% en hund
CAT,7361,5139,0,CAT,det är 58.89% en kat och 41.11% en hund
CAT,6621,5879,0,CAT,det är 52.97% en kat och 47.03% en hund
CAT,1888,10612,0,DOG,det är 15.10% en kat och 84.90% en hund
CAT,7963,4537,0,CAT,det är 63.70% en kat och 36.30% en hund
CAT,4925,7575,0,DOG,det är 39.40% en kat och 60.60% en hund
CAT,7405,5095,0,CAT,det är 59.24% en kat och 40.76% en hund
CAT,10498,2002,0,CAT,det är 83.98% en kat och 16.02% en hund
CAT,8376,4124,0,CAT,det är 67.01% en kat och 32.99% en hund
CAT,8732,3768,0,CAT,det är 69.86% en kat och 30.14% en hund
CAT,6910,5590,0,CAT,det är 55.28% en kat och 44.72% en hund
CAT,244,12256,0,DOG,det är 1.95% en kat och 98.05% en hund
CAT,1873,10627,0,DOG,det är 14.98% en kat och 85.02% en hund
CAT,5860,6640,0,DOG,det är 46.88% en kat och 53.12% en hund
CAT,2050,10450,0,DOG,det är 16.40% en kat och 83.60% en hund
CAT,2326,10174,0,DOG,det är 18.61% en kat och 81.39% en hund
CAT,8101,4399,0,CAT,det är 64.81% en kat och 35.19% en hund
CAT,4852,7648,0,DOG,det är 38.82% en kat och 61.18% en hund
CAT,4540,7960,0,DOG,det är 36.32% en kat och 63.68% en hund
CAT,3926,8574,0,DOG,det är 31.41% en kat och 68.59% en hund
CAT,5280,7220,0,DOG,det är 42.24% en kat och 57.76% en hund
CAT,4626,7874,0,DOG,det är 37.01% en kat och 62.99% en hund
CAT,4860,7640,0,DOG,det är 38.88% en kat och 61.12% en hund
CAT,3525,8975,0,DOG,det är 28.20% en kat och 71.80% en hund
CAT,866,11634,0,DOG,det är 6.93% en kat och 93.07% en hund
CAT,12291,209,0,CAT,det är 98.33% en kat och 1.67% en hund
CAT,7940,4560,0,CAT,det är 63.52% en kat och 36.48% en hund
CAT,1244,11256,0,DOG,det är 9.95% en kat och 90.05% en hund
CAT,4443,8057,0,DOG,det är 35.54% en kat och 64.46% en hund
CAT,11511,989,0,CAT,det är 92.09% en kat och 7.91% en hund
CAT,8488,4012,0,CAT,det är 67.90% en kat och 32.10% en hund
CAT,569,11931,0,DOG,det är 4.55% en kat och 95.45% en hund
CAT,7277,5223,0,CAT,det är 58.22% en kat och 41.78% en hund
CAT,5340,7160,0,DOG,det är 42.72% en kat och 57.28% en hund
CAT,6207,6293,0,DOG,det är 49.66% en kat och 50.34% en hund
CAT,9980,2520,0,CAT,det är 79.84% en kat och 20.16% en hund
CAT,11338,1162,0,CAT,det är 90.70% en kat och 9.30% en hund
CAT,1872,10628,0,DOG,det är 14.98% en kat och 85.02% en hund
CAT,6707,5793,0,CAT,det är 53.66% en kat och 46.34% en hund
CAT,11096,1404,0,CAT,det är 88.77% en kat och 11.23% en hund
CAT,8705,3795,0,CAT,det är 69.64% en kat och 30.36% en hund
CAT,10636,1864,0,CAT,det är 85.09% en kat och 14.91% en hund
CAT,7548,4952,0,CAT,det är 60.38% en kat och 39.62% en hund
CAT,7708,4792,0,CAT,det är 61.66% en kat och 38.34% en hund
CAT,7055,5445,0,CAT,det är 56.44% en kat och 43.56% en hund
CAT,676,11824,0,DOG,det är 5.41% en kat och 94.59% en hund
CAT,7852,4648,0,CAT,det är 62.82% en kat och 37.18% en hund
CAT,6121,6379,0,DOG,det är 48.97% en kat och 51.03% en hund
CAT,5931,6569,0,DOG,det är 47.45% en kat och 52.55% en hund
CAT,9389,3111,0,CAT,det är 75.11% en kat och 24.89% en hund
CAT,4209,8291,0,DOG,det är 33.67% en kat och 66.33% en hund
CAT,348,12152,0,DOG,det är 2.78% en kat och 97.22% en hund
CAT,4880,7620,0,DOG,det är 39.04% en kat och 60.96% en hund
CAT,4243,8257,0,DOG,det är 33.94% en kat och 66.06% en hund
CAT,11031,1469,0,CAT,det är 88.25% en kat och 11.75% en hund
CAT,3545,8955,0,DOG,det är 28.36% en kat och 71.64% en hund
CAT,11109,1391,0,CAT,det är 88.87% en kat och 11.13% en hund
CAT,8830,3670,0,CAT,det är 70.64% en kat och 29.36% en hund
CAT,2648,9852,0,DOG,det är 21.18% en kat och 78.82% en hund
CAT,3899,8601,0,DOG,det är 31.19% en kat och 68.81% en hund
CAT,4360,8140,0,DOG,det är 34.88% en kat och 65.12% en hund
CAT,9708,2792,0,CAT,det är 77.66% en kat och 22.34% en hund
CAT,1572,10928,0,DOG,det är 12.58% en kat och 87.42% en hund
CAT,4819,7681,0,DOG,det är 38.55% en kat och 61.45% en hund
CAT,10497,2003,0,CAT,det är 83.98% en kat och 16.02% en hund
CAT,10947,1553,0,CAT,det är 87.58% en kat och 12.42% en hund
CAT,11556,944,0,CAT,det är 92.45% en kat och 7.55% en hund
CAT,10937,1563,0,CAT,det är 87.50% en kat och 12.50% en hund
CAT,7445,5055,0,CAT,det är 59.56% en kat och 40.44% en hund
CAT,5065,7435,0,DOG,det är 40.52% en kat och 59.48% en hund
CAT,733,11767,0,DOG,det är 5.86% en kat och 94.14% en hund
CAT,7988,4512,0,CAT,det är 63.90% en kat och 36.10% en hund
CAT,7774,4726,0,CAT,det är 62.19% en kat och 37.81% en hund
CAT,9107,3393,0,CAT,det är 72.86% en kat och 27.14% en hund
CAT,4765,7735,0,DOG,det är 38.12% en kat och 61.88% en hund
CAT,7820,4680,0,CAT,det är 62.56% en kat och 37.44% en hund
CAT,2837,9663,0,DOG,det är 22.70% en kat och 77.30% en hund
CAT,11801,699,0,CAT,det är 94.41% en kat och 5.59% en hund
CAT,10455,2045,0,CAT,det är 83.64% en kat och 16.36% en hund
CAT,8357,4143,0,CAT,det är 66.86% en kat och 33.14% en hund
CAT,9453,3047,0,CAT,det är 75.62% en kat och 24.38% en hund
CAT,708,11792,0,DOG,det är 5.66% en kat och 94.34% en hund
CAT,3131,9369,0,DOG,det är 25.05% en kat och 74.95% en hund
CAT,11316,1184,0,CAT,det är 90.53% en kat och 9.47% en hund
CAT,3772,8728,0,DOG,det är 30.18% en kat och 69.82% en hund
CAT,10403,2097,0,CAT,det är 83.22% en kat och 16.78% en hund
CAT,1068,11432,0,DOG,det är 8.54% en kat och 91.46% en hund
CAT,5385,7115,0,DOG,det är 43.08% en kat och 56.92% en hund
CAT,8908,3592,0,CAT,det är 71.26% en kat och 28.74% en hund
CAT,2023,10477,0,DOG,det är 16.18% en kat och 83.82% en hund
CAT,4116,8384,0,DOG,det är 32.93% en kat och 67.07% en hund
CAT,12112,388,0,CAT,det är 96.90% en kat och 3.10% en hund
CAT,220,12280,0,DOG,det är 1.76% en kat och 98.24% en hund
CAT,2281,10219,0,DOG,det är 18.25% en kat och 81.75% en hund
CAT,10776,1724,0,CAT,det är 86.21% en kat och 13.79% en hund
CAT,5401,7099,0,DOG,det är 43.21% en kat och 56.79% en hund
CAT,9060,3440,0,CAT,det är 72.48% en kat och 27.52% en hund
CAT,10606,1894,0,CAT,det är 84.85% en kat och 15.15% en hund
CAT,6910,5590,0,CAT,det är 55.28% en kat och 44.72% en hund
CAT,11683,817,0,CAT,det är 93.46% en kat och 6.54% en hund
CAT,2792,9708,0,DOG,det är 22.34% en kat och 77.66% en hund
CAT,2133,10367,0,DOG,det är 17.06% en kat och 82.94% en hund
CAT,4649,7851,0,DOG,det är 37.19% en kat och 62.81% en hund
CAT,7444,5056,0,CAT,det är 59.55% en kat och 40.45% en hund
CAT,369,12131,0,DOG,det är 2.95% en kat och 97.05% en hund
CAT,5328,7172,0,DOG,det är 42.62% en kat och 57.38% en hund
CAT,5868,6632,0,DOG,det är 46.94% en kat och 53.06% en hund
CAT,401,12099,0,DOG,det är 3.21% en kat och 96.79% en hund
CAT,6945,5555,0,CAT,det är 55.56% en kat och 44.44% en hund
CAT,5427,7073,0,DOG,det är 43.42% en kat och 56.58% en hund
CAT,6705,5795,0,CAT,det är 53.64% en kat och 46.36% en hund
CAT,10524,1976,0,CAT,det är 84.19% en kat och 15.81% en hund
CAT,4052,8448,0,DOG,det är 32.42% en kat och 67.58% en hund
CAT,2448,10052,0,DOG,det är 19.58% en kat och 80.42% en hund
CAT,2872,9628,0,DOG,det är 22.98% en kat och 77.02% en hund
CAT,3195,9305,0,DOG,det är 25.56% en kat och 74.44% en hund
CAT,9797,2703,0,CAT,det är 78.38% en kat och 21.62% en hund
CAT,10077,2423,0,CAT,det är 80.62% en kat och 19.38% en hund
CAT,7355,5145,0,CAT,det är 58.84% en kat och 41.16% en hund
CAT,10270,2230,0,CAT,det är 82.16% en kat och 17.84% en hund
CAT,5208,7292,0,DOG,det är 41.66% en kat och 58.34% en hund
CAT,10632,1868,0,CAT,det är 85.06% en kat och 14.94% en hund
CAT,12049,451,0,CAT,det är 96.39% en kat och 3.61% en hund
CAT,6251,6249,0,CAT,det är 50.01% en kat och 49.99% en hund
CAT,9608,2892,0,CAT,det är 76.86% en kat och 23.14% en hund
CAT,3990,8510,0,DOG,det är 31.92% en kat och 68.08% en hund
CAT,7256,5244,0,CAT,det är 58.05% en kat och 41.95% en hund
CAT,6467,6033,0,CAT,det är 51.74% en kat och 48.26% en hund
CAT,6338,6162,0,CAT,det är 50.70% en kat och 49.30% en hund
CAT,614,11886,0,DOG,det är 4.91% en kat och 95.09% en hund
CAT,2440,10060,0,DOG,det är 19.52% en kat och 80.48% en hund
CAT,9991,2509,0,CAT,det är 79.93% en kat och 20.07% en hund
CAT,5869,6631,0,DOG,det är 46.95% en kat och 53.05% en hund
CAT,10379,2121,0,CAT,det är 83.03% en kat och 16.97% en hund
CAT,5218,7282,0,DOG,det är 41.74% en kat och 58.26% en hund
CAT,8609,3891,0,CAT,det är 68.87% en kat och 31.13% en hund
CAT,5566,6934,0,DOG,det är 44.53% en kat och 55.47% en hund
CAT,4728,7772,0,DOG,det är 37.82% en kat och 62.18% en hund
CAT,5178,7322,0,DOG,det är 41.42% en kat och 58.58% en hund
CAT,3426,9074,0,DOG,det är 27.41% en kat och 72.59% en hund
CAT,10682,1818,0,CAT,det är 85.46% en kat och 14.54% en hund
CAT,11646,854,0,CAT,det är 93.17% en kat och 6.83% en hund
CAT,2922,9578,0,DOG,det är 23.38% en kat och 76.62% en hund
CAT,4143,8357,0,DOG,det är 33.14% en kat och 66.86% en hund
CAT,3565,8935,0,DOG,det är 28.52% en kat och 71.48% en hund
CAT,5269,7231,0,DOG,det är 42.15% en kat och 57.85% en hund
CAT,4985,7515,0,DOG,det är 39.88% en kat och 60.12% en hund
CAT,235,12265,0,DOG,det är 1.88% en kat och 98.12% en hund
CAT,1257,11243,0,DOG,det är 10.06% en kat och 89.94% en hund
CAT,8842,3658,0,CAT,det är 70.74% en kat och 29.26% en hund
CAT,1248,11252,0,DOG,det är 9.98% en kat och 90.02% en hund
CAT,8638,3862,0,CAT,det är 69.10% en kat och 30.90% en hund
CAT,2355,10145,0,DOG,det är 18.84% en kat och 81.16% en hund
CAT,1166,11334,0,DOG,det är 9.33% en kat och 90.67% en hund
CAT,3779,8721,0,DOG,det är 30.23% en kat och 69.77% en hund
CAT,1319,11181,0,DOG,det är 10.55% en kat och 89.45% en hund
CAT,6099,6401,0,DOG,det är 48.79% en kat och 51.21% en hund
CAT,7032,5468,0,CAT,det är 56.26% en kat och 43.74% en hund
CAT,1297,11203,0,DOG,det är 10.38% en kat och 89.62% en hund
CAT,11929,571,0,CAT,det är 95.43% en kat och 4.57% en hund
CAT,8698,3802,0,CAT,det är 69.58% en kat och 30.42% en hund
CAT,11295,1205,0,CAT,det är 90.36% en kat och 9.64% en hund
CAT,8261,4239,0,CAT,det är 66.09% en kat och 33.91% en hund
CAT,9462,3038,0,CAT,det är 75.70% en kat och 24.30% en hund
CAT,11751,749,0,CAT,det är 94.01% en kat och 5.99% en hund
CAT,5805,6695,0,DOG,det är 46.44% en kat och 53.56% en hund
CAT,2148,10352,0,DOG,det är 17.18% en kat och 82.82% en hund
CAT,2112,10388,0,DOG,det är 16.90% en kat och 83.10% en hund
CAT,9807,2693,0,CAT,det är 78.46% en kat och 21.54% en hund
CAT,1131,11369,0,DOG,det är 9.05% en kat och 90.95% en hund
CAT,1838,10662,0,DOG,det är 14.70% en kat och 85.30% en hund
CAT,3534,8966,0,DOG,det är 28.27% en kat och 71.73% en hund
CAT,7354,5146,0,CAT,det är 58.83% en kat och 41.17% en hund
CAT,6123,6377,0,DOG,det är 48.98% en kat och 51.02% en hund
CAT,1890,10610,0,DOG,det är 15.12% en kat och 84.88% en hund
CAT,8607,3893,0,CAT,det är 68.86% en kat och 31.14% en hund
CAT,3306,9194,0,DOG,det är 26.45% en kat och 73.55% en hund
CAT,9869,2631,0,CAT,det är 78.95% en kat och 21.05% en hund
CAT,11813,687,0,CAT,det är 94.50% en kat och 5.50% en hund
CAT,12077,423,0,CAT,det är 96.62% en kat och 3.38% en hund
CAT,9960,2540,0,CAT,det är 79.68% en kat och 20.32% en hund
CAT,2857,9643,0,DOG,det är 22.86% en kat och 77.14% en hund
CAT,9857,2643,0,CAT,det är 78.86% en kat och 21.14% en hund
CAT,10867,1633,0,CAT,det är 86.94% en kat och 13.06% en hund
CAT,3177,9323,0,DOG,det är 25.42% en kat och 74.58% en hund
CAT,8843,3657,0,CAT,det är 70.74% en kat och 29.26% en hund
CAT,7913,4587,0,CAT,det är 63.30% en kat och 36.70% en hund
CAT,5300,7200,0,DOG,det är 42.40% en kat och 57.60% en hund
CAT,3598,8902,0,DOG,det är 28.78% en kat och 71.22% en hund
CAT,9350,3150,0,CAT,det är 74.80% en kat och 25.20% en hund
CAT,217,12283,0,DOG,det är 1.74% en kat och 98.26% en hund
CAT,5753,6747,0,DOG,det är 46.02% en kat och 53.98% en hund
CAT,3631,8869,0,DOG,det är 29.05% en kat och 70.95% en hund
CAT,8741,3759,0,CAT,det är 69.93% en kat och 30.07% en hund
CAT,4316,8184,0,DOG,det är 34.53% en kat och 65.47% en hund
CAT,8695,3805,0,CAT,det är 69.56% en kat och 30.44% en hund
CAT,2950,9550,0,DOG,det är 23.60% en kat och 76.40% en hund
CAT,4230,8270,0,DOG,det är 33.84% en kat och 66.16% en hund
CAT,2742,9758,0,DOG,det är 21.94% en kat och 78.06% en hund
CAT,2756,9744,0,DOG,det är 22.05% en kat och 77.95% en hund
CAT,1887,10613,0,DOG,det är 15.10% en kat och 84.90% en hund
CAT,2265,10235,0,DOG,det är 18.12% en kat och 81.88% en hund
CAT,4038,8462,0,DOG,det är 32.30% en kat och 67.70% en hund
CAT,8948,3552,0,CAT,det är 71.58% en kat och 28.42% en hund
CAT,7455,5045,0,CAT,det är 59.64% en kat och 40.36% en hund
CAT,4362,8138,0,DOG,det är 34.90% en kat och 65.10% en hund
CAT,4213,8287,0,DOG,det är 33.70% en kat och 66.30% en hund
CAT,3317,9183,0,DOG,det är 26.54% en kat och 73.46% en hund
CAT,9909,2591,0,CAT,det är 79.27% en kat och 20.73% en hund
CAT,10809,1691,0,CAT,det är 86.47% en kat och 13.53% en hund
CAT,1816,10684,0,DOG,det är 14.53% en kat och 85.47% en hund
CAT,55,12445,0,DOG,det är 0.44% en kat och 99.56% en hund
CAT,8526,3974,0,CAT,det är 68.21% en kat och 31.79% en hund
CAT,3082,9418,0,DOG,det är 24.66% en kat och 75.34% en hund
CAT,50,12450,0,DOG,det är 0.40% en kat och 99.60% en hund
CAT,1023,11477,0,DOG,det är 8.18% en kat och 91.82% en hund
CAT,3161,9339,0,DOG,det är 25.29% en kat och 74.71% en hund
CAT,1413,11087,0,DOG,det är 11.30% en kat och 88.70% en hund
CAT,9457,3043,0,CAT,det är 75.66% en kat och 24.34% en hund
CAT,9090,3410,0,CAT,det är 72.72% en kat och 27.28% en hund
CAT,3228,9272,0,DOG,det är 25.82% en kat och 74.18% en hund
CAT,7450,5050,0,CAT,det är 59.60% en kat och 40.40% en hund
CAT,1907,10593,0,DOG,det är 15.26% en kat och 84.74% en hund
CAT,11673,827,0,CAT,det är 93.38% en kat och 6.62% en hund
CAT,8021,4479,0,CAT,det är 64.17% en kat och 35.83% en hund
CAT,12325,175,0,CAT,det är 98.60% en kat och 1.40% en hund
CAT,6408,6092,0,CAT,det är 51.26% en kat och 48.74% en hund
CAT,10755,1745,0,CAT,det är 86.04% en kat och 13.96% en hund
CAT,615,11885,0,DOG,det är 4.92% en kat och 95.08% en hund
CAT,36,12464,0,DOG,det är 0.29% en kat och 99.71% en hund
CAT,2118,10382,0,DOG,det är 16.94% en kat och 83.06% en hund
CAT,12468,32,0,CAT,det är 99.74% en kat och 0.26% en hund
CAT,12194,306,0,CAT,det är 97.55% en kat och 2.45% en hund
CAT,1626,10874,0,DOG,det är 13.01% en kat och 86.99% en hund
CAT,5320,7180,0,DOG,det är 42.56% en kat och 57.44% en hund
CAT,10492,2008,0,CAT,det är 83.94% en kat och 16.06% en hund
CAT,12357,143,0,CAT,det är 98.86% en kat och 1.14% en hund
CAT,4886,7614,0,DOG,det är 39.09% en kat och 60.91% en hund
CAT,9039,3461,0,CAT,det är 72.31% en kat och 27.69% en hund
CAT,290,12210,0,DOG,det är 2.32% en kat och 97.68% en hund
CAT,410,12090,0,DOG,det är 3.28% en kat och 96.72% en hund
CAT,8680,3820,0,CAT,det är 69.44% en kat och 30.56% en hund
CAT,8164,4336,0,CAT,det är 65.31% en kat och 34.69% en hund
CAT,781,11719,0,DOG,det är 6.25% en kat och 93.75% en hund
CAT,11413,1087,0,CAT,det är 91.30% en kat och 8.70% en hund
CAT,7465,5035,0,CAT,det är 59.72% en kat och 40.28% en hund
CAT,1165,11335,0,DOG,det är 9.32% en kat och 90.68% en hund
CAT,2880,9620,0,DOG,det är 23.04% en kat och 76.96% en hund
CAT,7825,4675,0,CAT,det är 62.60% en kat och 37.40% en hund
CAT,2470,10030,0,DOG,det är 19.76% en kat och 80.24% en hund
CAT,10276,2224,0,CAT,det är 82.21% en kat och 17.79% en hund
CAT,6613,5887,0,CAT,det är 52.90% en kat och 47.10% en hund
CAT,6290,6210,0,CAT,det är 50.32% en kat och 49.68% en hund
CAT,926,11574,0,DOG,det är 7.41% en kat och 92.59% en hund
CAT,6412,6088,0,CAT,det är 51.30% en kat och 48.70% en hund
CAT,2442,10058,0,DOG,det är 19.54% en kat och 80.46% en hund
CAT,12378,122,0,CAT,det är 99.02% en kat och 0.98% en hund
CAT,8156,4344,0,CAT,det är 65.25% en kat och 34.75% en hund
CAT,128,12372,0,DOG,det är 1.02% en kat och 98.98% en hund
CAT,1978,10522,0,DOG,det är 15.82% en kat och 84.18% en hund
CAT,3363,9137,0,DOG,det är 26.90% en kat och 73.10% en hund
CAT,8755,3745,0,CAT,det är 70.04% en kat och 29.96% en hund
CAT,5313,7187,0,DOG,det är 42.50% en kat och 57.50% en hund
CAT,4338,8162,0,DOG,det är 34.70% en kat och 65.30% en hund
CAT,9833,2667,0,CAT,det är 78.66% en kat och 21.34% en hund
CAT,9927,2573,0,CAT,det är 79.42% en kat och 20.58% en hund
CAT,7758,4742,0,CAT,det är 62.06% en kat och 37.94% en hund
CAT,9968,2532,0,CAT,det är 79.74% en kat och 20.26% en hund
CAT,941,11559,0,DOG,det är 7.53% en kat och 92.47% en hund
CAT,6317,6183,0,CAT,det är 50.54% en kat och 49.46% en hund
CAT,1741,10759,0,DOG,det är 13.93% en kat och 86.07% en hund
CAT,1986,10514,0,DOG,det är 15.89% en kat och 84.11% en hund
CAT,17,12483,0,DOG,det är 0.14% en kat och 99.86% en hund
CAT,4881,7619,0,DOG,det är 39.05% en kat och 60.95% en hund
CAT,2424,10076,0,DOG,det är 19.39% en kat och 80.61% en hund
CAT,10568,1932,0,CAT,det är 84.54% en kat och 15.46% en hund
CAT,932,11568,0,DOG,det är 7.46% en kat och 92.54% en hund
CAT,2249,10251,0,DOG,det är 17.99% en kat och 82.01% en hund
CAT,3641,8859,0,DOG,det är 29.13% en kat och 70.87% en hund
CAT,6376,6124,0,CAT,det är 51.01% en kat och 48.99% en hund
CAT,1799,10701,0,DOG,det är 14.39% en kat och 85.61% en hund
CAT,4134,8366,0,DOG,det är 33.07% en kat och 66.93% en hund
CAT,2302,10198,0,DOG,det är 18.42% en kat och 81.58% en hund
CAT,8667,3833,0,CAT,det är 69.34% en kat och 30.66% en hund
CAT,9513,2987,0,CAT,det är 76.10% en kat och 23.90% en hund
CAT,7205,5295,0,CAT,det är 57.64% en kat och 42.36% en hund
CAT,5550,6950,0,DOG,det är 44.40% en kat och 55.60% en hund
CAT,3881,8619,0,DOG,det är 31.05% en kat och 68.95% en hund
CAT,10621,1879,0,CAT,det är 84.97% en kat och 15.03% en hund
CAT,7923,4577,0,CAT,det är 63.38% en kat och 36.62% en hund
CAT,1539,10961,0,DOG,det är 12.31% en kat och 87.69% en hund
CAT,5050,7450,0,DOG,det är 40.40% en kat och 59.60% en hund
CAT,4693,7807,0,DOG,det är 37.54% en kat och 62.46% en hund
CAT,2174,10326,0,DOG,det är 17.39% en kat och 82.61% en hund
CAT,7318,5182,0,CAT,det är 58.54% en kat och 41.46% en hund
CAT,9485,3015,0,CAT,det är 75.88% en kat och 24.12% en hund
CAT,9431,3069,0,CAT,det är 75.45% en kat och 24.55% en hund
CAT,1629,10871,0,DOG,det är 13.03% en kat och 86.97% en hund
CAT,710,11790,0,DOG,det är 5.68% en kat och 94.32% en hund
CAT,6933,5567,0,CAT,det är 55.46% en kat och 44.54% en hund
CAT,10281,2219,0,CAT,det är 82.25% en kat och 17.75% en hund
CAT,8390,4110,0,CAT,det är 67.12% en kat och 32.88% en hund
CAT,4675,7825,0,DOG,det är 37.40% en kat och 62.60% en hund
CAT,7929,4571,0,CAT,det är 63.43% en kat och 36.57% en hund
CAT,1403,11097,0,DOG,det är 11.22% en kat och 88.78% en hund
CAT,1812,10688,0,DOG,det är 14.50% en kat och 85.50% en hund
CAT,4158,8342,0,DOG,det är 33.26% en kat och 66.74% en hund
CAT,3243,9257,0,DOG,det är 25.94% en kat och 74.06% en hund
CAT,5832,6668,0,DOG,det är 46.66% en kat och 53.34% en hund
CAT,7949,4551,0,CAT,det är 63.59% en kat och 36.41% en hund
CAT,4617,7883,0,DOG,det är 36.94% en kat och 63.06% en hund
CAT,2997,9503,0,DOG,det är 23.98% en kat och 76.02% en hund
CAT,10805,1695,0,CAT,det är 86.44% en kat och 13.56% en hund
CAT,6275,6225,0,CAT,det är 50.20% en kat och 49.80% en hund
CAT,7604,4896,0,CAT,det är 60.83% en kat och 39.17% en hund
CAT,10085,2415,0,CAT,det är 80.68% en kat och 19.32% en hund
CAT,10943,1557,0,CAT,det är 87.54% en kat och 12.46% en hund
CAT,5880,6620,0,DOG,det är 47.04% en kat och 52.96% en hund
CAT,6509,5991,0,CAT,det är 52.07% en kat och 47.93% en hund
CAT,790,11710,0,DOG,det är 6.32% en kat och 93.68% en hund
CAT,5358,7142,0,DOG,det är 42.86% en kat och 57.14% en hund
CAT,11428,1072,0,CAT,det är 91.42% en kat och 8.58% en hund
CAT,5812,6688,0,DOG,det är 46.50% en kat och 53.50% en hund
CAT,12096,404,0,CAT,det är 96.77% en kat och 3.23% en hund
CAT,10581,1919,0,CAT,det är 84.65% en kat och 15.35% en hund
CAT,6430,6070,0,CAT,det är 51.44% en kat och 48.56% en hund
CAT,12473,27,0,CAT,det är 99.78% en kat och 0.22% en hund
CAT,12254,246,0,CAT,det är 98.03% en kat och 1.97% en hund
CAT,8148,4352,0,CAT,det är 65.18% en kat och 34.82% en hund
CAT,5786,6714,0,DOG,det är 46.29% en kat och 53.71% en hund
CAT,11342,1158,0,CAT,det är 90.74% en kat och 9.26% en hund
CAT,4731,7769,0,DOG,det är 37.85% en kat och 62.15% en hund
CAT,525,11975,0,DOG,det är 4.20% en kat och 95.80% en hund
CAT,3156,9344,0,DOG,det är 25.25% en kat och 74.75% en hund
CAT,12492,8,0,CAT,det är 99.94% en kat och 0.06% en hund
CAT,3607,8893,0,DOG,det är 28.86% en kat och 71.14% en hund
CAT,10064,2436,0,CAT,det är 80.51% en kat och 19.49% en hund
CAT,3293,9207,0,DOG,det är 26.34% en kat och 73.66% en hund
CAT,3407,9093,0,DOG,det är 27.26% en kat och 72.74% en hund
CAT,772,11728,0,DOG,det är 6.18% en kat och 93.82% en hund
CAT,10313,2187,0,CAT,det är 82.50% en kat och 17.50% en hund
CAT,9956,2544,0,CAT,det är 79.65% en kat och 20.35% en hund
CAT,1864,10636,0,DOG,det är 14.91% en kat och 85.09% en hund
CAT,4565,7935,0,DOG,det är 36.52% en kat och 63.48% en hund
CAT,5180,7320,0,DOG,det är 41.44% en kat och 58.56% en hund
CAT,10365,2135,0,CAT,det är 82.92% en kat och 17.08% en hund
CAT,9340,3160,0,CAT,det är 74.72% en kat och 25.28% en hund
CAT,6730,5770,0,CAT,det är 53.84% en kat och 46.16% en hund
CAT,7112,5388,0,CAT,det är 56.90% en kat och 43.10% en hund
CAT,9785,2715,0,CAT,det är 78.28% en kat och 21.72% en hund
CAT,2626,9874,0,DOG,det är 21.01% en kat och 78.99% en hund
CAT,9568,2932,0,CAT,det är 76.54% en kat och 23.46% en hund
CAT,10032,2468,0,CAT,det är 80.26% en kat och 19.74% en hund
CAT,12270,230,0,CAT,det är 98.16% en kat och 1.84% en hund
CAT,6290,6210,0,CAT,det är 50.32% en kat och 49.68% en hund
CAT,4951,7549,0,DOG,det är 39.61% en kat och 60.39% en hund
CAT,6537,5963,0,CAT,det är 52.30% en kat och 47.70% en hund
CAT,7367,5133,0,CAT,det är 58.94% en kat och 41.06% en hund
CAT,2471,10029,0,DOG,det är 19.77% en kat och 80.23% en hund
CAT,10954,1546,0,CAT,det är 87.63% en kat och 12.37% en hund
CAT,57,12443,0,DOG,det är 0.46% en kat och 99.54% en hund
CAT,7539,4961,0,CAT,det är 60.31% en kat och 39.69% en hund
CAT,3637,8863,0,DOG,det är 29.10% en kat och 70.90% en hund
CAT,2360,10140,0,DOG,det är 18.88% en kat och 81.12% en hund
CAT,5307,7193,0,DOG,det är 42.46% en kat och 57.54% en hund
CAT,5363,7137,0,DOG,det är 42.90% en kat och 57.10% en hund
CAT,7833,4667,0,CAT,det är 62.66% en kat och 37.34% en hund
CAT,4929,7571,0,DOG,det är 39.43% en kat och 60.57% en hund
CAT,5653,6847,0,DOG,det är 45.22% en kat och 54.78% en hund
CAT,7328,5172,0,CAT,det är 58.62% en kat och 41.38% en hund
CAT,2815,9685,0,DOG,det är 22.52% en kat och 77.48% en hund
CAT,4062,8438,0,DOG,det är 32.50% en kat och 67.50% en hund
CAT,8910,3590,0,CAT,det är 71.28% en kat och 28.72% en hund
